n = 4,178,551
Q1: 0.697390774117089
Median (Q2): 0.8573076923076923
Q3: 0.95
